      0/49     7.57G   0.06446   0.02365   0.03349    0.1216        12      1024    0.6611   0.03815   0.01294  0.003238   0.08904   0.03811   0.03427
      1/49     15.1G   0.05683   0.01933   0.02057   0.09673        66      1024    0.6931    0.1094   0.05454   0.01676     0.086   0.03793   0.03224
      2/49     15.7G   0.05356    0.0179   0.01712   0.08858        43      1024    0.4761    0.1993    0.0989   0.03495   0.08097   0.03648   0.03143
      3/49     15.7G   0.05025   0.01793   0.01576   0.08393        30      1024    0.4066     0.186   0.09851   0.03921   0.07872   0.03837   0.03097
      4/49     15.7G   0.04763   0.01773   0.01421   0.07957        29      1024    0.4591    0.2614    0.1708   0.06527   0.07698   0.03442   0.02986
      5/49     15.7G   0.04674   0.01763   0.01346   0.07783        32      1024    0.4539    0.1591    0.0995   0.03694    0.0803   0.03744   0.03052
      6/49     15.7G   0.04635   0.01767   0.01288    0.0769        56      1024    0.3207    0.2382    0.1602   0.06157   0.07944   0.03346   0.03071
      7/49     15.7G   0.04587   0.01735   0.01241   0.07563        29      1024    0.4227    0.2657    0.1954   0.07484   0.07299   0.03544   0.03021
      8/49     15.7G   0.04553   0.01723   0.01176   0.07451        22      1024     0.335    0.2405    0.1883   0.07569   0.07365   0.03499   0.03013
      9/49     15.7G   0.04499   0.01762   0.01177   0.07438        43      1024    0.4128    0.2251     0.197   0.08017   0.07175   0.03695    0.0294
     10/49     15.7G   0.04477   0.01742   0.01137   0.07356        26      1024    0.4055    0.2446    0.2209   0.08878    0.0692    0.0363   0.02988
     11/49     15.7G   0.04414   0.01766   0.01097   0.07277        21      1024    0.3128    0.2976    0.2413   0.09871   0.06946   0.03591   0.02935
     12/49     15.7G   0.04348    0.0174   0.01082    0.0717        33      1024    0.2975    0.3422    0.2516    0.1032   0.06952   0.03416   0.03005
     13/49     15.7G   0.04299   0.01728   0.01041   0.07068        61      1024    0.3493    0.2967    0.2482    0.1047   0.06848   0.03521   0.02975
     14/49     15.7G   0.04309   0.01746    0.0105   0.07104         6      1024    0.3316    0.2902    0.2406    0.1003   0.06874   0.03585   0.03024
     15/49     15.7G    0.0429    0.0173   0.01028   0.07048        28      1024    0.3345    0.2776    0.2484    0.1097   0.06693    0.0351   0.02995
     16/49     15.7G   0.04218   0.01751  0.009945   0.06963        47      1024    0.2936     0.346    0.2492    0.1001   0.06767   0.03646    0.0303
     17/49     15.7G   0.04215   0.01753  0.009779   0.06946        56      1024    0.3548    0.2865    0.2651    0.1166   0.06399    0.0373   0.02989
     18/49     15.7G   0.04164   0.01744  0.009649   0.06872        26      1024    0.2985    0.2809     0.225   0.09604   0.06615   0.03789   0.03039
     19/49     15.7G   0.04187   0.01755  0.009611   0.06903        16      1024    0.3764    0.2897    0.2688    0.1096   0.06707   0.03525   0.02973
     20/49     15.7G   0.04139   0.01725  0.009293   0.06793         5      1024    0.3976    0.3107    0.2955    0.1179   0.06463   0.03484   0.02959
     21/49     15.7G   0.04132   0.01701  0.009122   0.06745        33      1024     0.439    0.2697    0.2968    0.1212   0.06386   0.03588   0.02996
     22/49     15.7G   0.04089   0.01713  0.008973   0.06699        17      1024     0.345    0.3137    0.2573    0.1092   0.06789    0.0356   0.02938
     23/49     15.7G   0.04077   0.01716  0.009037   0.06697        77      1024    0.4056    0.3324     0.312    0.1277   0.06822   0.03331   0.02996
     24/49     15.7G   0.04074   0.01745  0.009155   0.06735        19      1024    0.4628    0.2739    0.2958    0.1263   0.06347   0.03606   0.03035
     25/49     15.7G   0.04066   0.01702  0.008643   0.06633        58      1024    0.3932    0.3221    0.2815    0.1187   0.06383   0.03624   0.03042
     26/49     15.7G   0.04036   0.01724  0.008738   0.06634         9      1024    0.3877    0.3497    0.3135     0.128   0.06443   0.03533   0.03011
     27/49     15.7G   0.04048   0.01735  0.008526   0.06636        28      1024    0.3483    0.3443     0.289    0.1247   0.06259   0.03536   0.03041
     28/49     15.7G   0.04005   0.01702   0.00849   0.06556        11      1024    0.3362     0.373    0.2948    0.1266   0.06219    0.0362      0.03
     29/49     15.7G   0.03993   0.01728  0.008315   0.06552        36      1024    0.4081    0.3433     0.316    0.1355   0.06175   0.03624    0.0299
     30/49     15.7G    0.0398   0.01654  0.008238   0.06458        26      1024    0.3353    0.3619    0.2903    0.1255   0.06414   0.03689    0.0306
     31/49     15.7G   0.03957   0.01719  0.008361   0.06513        15      1024    0.4209    0.3457    0.3231    0.1418   0.06177   0.03661   0.03073
     32/49     15.7G   0.03953     0.017  0.008133   0.06466        27      1024    0.3715    0.3507     0.306    0.1325   0.06172   0.03646   0.03064
     33/49     15.7G   0.03963    0.0171  0.008188   0.06492        29      1024    0.3778      0.35    0.3027    0.1301   0.06151   0.03589   0.03015
     34/49     15.7G   0.03927   0.01691  0.007871   0.06405        10      1024     0.391    0.3181    0.2925    0.1258   0.06086   0.03844   0.03026
     35/49     15.7G   0.03922   0.01671  0.007885   0.06382        19      1024    0.3783    0.3478    0.3119    0.1369   0.05982   0.03753    0.0301
     36/49     15.7G   0.03896   0.01671  0.007737   0.06342         8      1024    0.3503    0.3816    0.3129    0.1371   0.05985   0.03776   0.03081
     37/49     15.7G   0.03886   0.01674   0.00777   0.06337        19      1024    0.3644    0.3732    0.3165    0.1363   0.05855    0.0379   0.03066
     38/49     15.7G   0.03848   0.01705  0.007626   0.06316        35      1024    0.3755    0.3736    0.3259    0.1422   0.05941   0.03687   0.03083
     39/49     15.7G   0.03847   0.01674  0.007543   0.06275        39      1024    0.4172    0.3709    0.3309    0.1433   0.05877   0.03757   0.03095
     40/49     15.7G   0.03846   0.01728  0.007614   0.06335        16      1024    0.4229    0.3354    0.3127    0.1374   0.05845   0.03809   0.03024
     41/49     15.7G   0.03838   0.01658  0.007361   0.06231        12      1024    0.3896    0.3615    0.3189    0.1429   0.05954   0.03727   0.03099
     42/49     15.7G   0.03807    0.0167  0.007203   0.06198        41      1024    0.4159    0.3818    0.3371    0.1465   0.05888   0.03749   0.03102
     43/49     15.7G   0.03811   0.01683  0.007169   0.06211        27      1024    0.4564    0.3351    0.3364    0.1476   0.05908   0.03711    0.0307
     44/49     15.7G   0.03785   0.01666   0.00717   0.06168        31      1024    0.4118    0.3483    0.3191    0.1428   0.05876   0.03732   0.03107
     45/49     15.7G   0.03792   0.01679  0.007183   0.06189        62      1024    0.4599      0.33    0.3287    0.1434   0.05883   0.03757   0.03128
     46/49     15.7G    0.0378   0.01646  0.007012   0.06127        23      1024    0.3758    0.4067    0.3295    0.1444   0.05841   0.03728   0.03128
     47/49     15.7G   0.03763   0.01669  0.006867   0.06118        26      1024    0.4217    0.3385    0.3178     0.142   0.05759   0.03862   0.03141
     48/49     15.7G   0.03754   0.01661  0.006934   0.06108        56      1024    0.3835    0.3808    0.3234    0.1425    0.0574   0.03835   0.03171
     49/49     15.7G   0.03757   0.01647  0.006895   0.06094        33      1024    0.4392    0.3577     0.327    0.1439   0.05776   0.03818   0.03138